# Gamma at 1
# M  at 87
# K  at 137
# Gamma at 237
1	0.000000E+00	0.000000E+00	0.000000E+00	8.950890E+02	1.589775E+03	1.589778E+03
2	2.803793E-01	1.259559E+01	1.983458E+01	8.950616E+02	1.589702E+03	1.590535E+03
3	4.987656E-01	2.519453E+01	3.966421E+01	8.949792E+02	1.589483E+03	1.592625E+03
4	6.244875E-01	3.779616E+01	5.948790E+01	8.948412E+02	1.589127E+03	1.595576E+03
5	7.194202E-01	5.039364E+01	7.930919E+01	8.946473E+02	1.588642E+03	1.598815E+03
6	9.949124E-01	6.297473E+01	9.913228E+01	8.943970E+02	1.588037E+03	1.601878E+03
7	1.620626E+00	7.552474E+01	1.189562E+02	8.940908E+02	1.587312E+03	1.604544E+03
8	2.583981E+00	8.803041E+01	1.387710E+02	8.937286E+02	1.586465E+03	1.606844E+03
9	3.828338E+00	1.004827E+02	1.585596E+02	8.933105E+02	1.585492E+03	1.608963E+03
10	5.303616E+00	1.128770E+02	1.783036E+02	8.928355E+02	1.584390E+03	1.611088E+03
11	6.967841E+00	1.252118E+02	1.979913E+02	8.923024E+02	1.583161E+03	1.613303E+03
12	8.789653E+00	1.374853E+02	2.176213E+02	8.917095E+02	1.581809E+03	1.615550E+03
13	1.075177E+01	1.496931E+02	2.372000E+02	8.910560E+02	1.580342E+03	1.617697E+03
14	1.285222E+01	1.618272E+02	2.567344E+02	8.903417E+02	1.578764E+03	1.619622E+03
15	1.510209E+01	1.738772E+02	2.762242E+02	8.895671E+02	1.577081E+03	1.621287E+03
16	1.751998E+01	1.858323E+02	2.956585E+02	8.887330E+02	1.575294E+03	1.622752E+03
17	2.012512E+01	1.976840E+02	3.150199E+02	8.878399E+02	1.573404E+03	1.624120E+03
18	2.293130E+01	2.094264E+02	3.342923E+02	8.868872E+02	1.571411E+03	1.625469E+03
19	2.594349E+01	2.210568E+02	3.534684E+02	8.858732E+02	1.569320E+03	1.626805E+03
20	2.915789E+01	2.325733E+02	3.725517E+02	8.847957E+02	1.567136E+03	1.628063E+03
21	3.256456E+01	2.439739E+02	3.915516E+02	8.836526E+02	1.564867E+03	1.629152E+03
22	3.615140E+01	2.552548E+02	4.104751E+02	8.824422E+02	1.562517E+03	1.630014E+03
23	3.990775E+01	2.664111E+02	4.293202E+02	8.811636E+02	1.560091E+03	1.630655E+03
24	4.382670E+01	2.774369E+02	4.480752E+02	8.798165E+02	1.557593E+03	1.631134E+03
25	4.790568E+01	2.883269E+02	4.667245E+02	8.784003E+02	1.555025E+03	1.631521E+03
26	5.214545E+01	2.990768E+02	4.852575E+02	8.769141E+02	1.552391E+03	1.631849E+03
27	5.654832E+01	3.096830E+02	5.036732E+02	8.753561E+02	1.549697E+03	1.632098E+03
28	6.111639E+01	3.201428E+02	5.219795E+02	8.737242E+02	1.546948E+03	1.632207E+03
29	6.585037E+01	3.304532E+02	5.401859E+02	8.720164E+02	1.544151E+03	1.632118E+03
30	7.074939E+01	3.406110E+02	5.582957E+02	8.702308E+02	1.541311E+03	1.631811E+03
31	7.581147E+01	3.506125E+02	5.763020E+02	8.683662E+02	1.538432E+03	1.631312E+03
32	8.103441E+01	3.604541E+02	5.941906E+02	8.664212E+02	1.535517E+03	1.630674E+03
33	8.641646E+01	3.701329E+02	6.119484E+02	8.643945E+02	1.532571E+03	1.629941E+03
34	9.195656E+01	3.796460E+02	6.295701E+02	8.622842E+02	1.529597E+03	1.629119E+03
35	9.765409E+01	3.889915E+02	6.470609E+02	8.600882E+02	1.526602E+03	1.628175E+03
36	1.035083E+02	3.981674E+02	6.644315E+02	8.578039E+02	1.523591E+03	1.627059E+03
37	1.095181E+02	4.071716E+02	6.816900E+02	8.554290E+02	1.520570E+03	1.625737E+03
38	1.156813E+02	4.160022E+02	6.988350E+02	8.529615E+02	1.517542E+03	1.624212E+03
39	1.219956E+02	4.246569E+02	7.158555E+02	8.503997E+02	1.514512E+03	1.622521E+03
40	1.284583E+02	4.331340E+02	7.327368E+02	8.477416E+02	1.511482E+03	1.620704E+03
41	1.350670E+02	4.414319E+02	7.494695E+02	8.449853E+02	1.508457E+03	1.618784E+03
42	1.418193E+02	4.495494E+02	7.660543E+02	8.421286E+02	1.505441E+03	1.616749E+03
43	1.487130E+02	4.574852E+02	7.825011E+02	8.391687E+02	1.502439E+03	1.614562E+03
44	1.557456E+02	4.652386E+02	7.988212E+02	8.361033E+02	1.499455E+03	1.612186E+03
45	1.629143E+02	4.728085E+02	8.150187E+02	8.329300E+02	1.496494E+03	1.609607E+03
46	1.702153E+02	4.801940E+02	8.296468E+02	8.310870E+02	1.493560E+03	1.606844E+03
47	1.776450E+02	4.873943E+02	8.262520E+02	8.470121E+02	1.490654E+03	1.603932E+03
48	1.851991E+02	4.944088E+02	8.227436E+02	8.627808E+02	1.487781E+03	1.600899E+03
49	1.928737E+02	5.012372E+02	8.191199E+02	8.783890E+02	1.484942E+03	1.597751E+03
50	2.006647E+02	5.078790E+02	8.153788E+02	8.938434E+02	1.482143E+03	1.594463E+03
51	2.085680E+02	5.143342E+02	8.115183E+02	9.091564E+02	1.479386E+03	1.591003E+03
52	2.165788E+02	5.206026E+02	8.075367E+02	9.243373E+02	1.476676E+03	1.587347E+03
53	2.246921E+02	5.266842E+02	8.034327E+02	9.393850E+02	1.474016E+03	1.583498E+03
54	2.329022E+02	5.325790E+02	7.992054E+02	9.542879E+02	1.471407E+03	1.579480E+03
55	2.412032E+02	5.382872E+02	7.948541E+02	9.690309E+02	1.468851E+03	1.575324E+03
56	2.495888E+02	5.438091E+02	7.903786E+02	9.836048E+02	1.466352E+03	1.571046E+03
57	2.580529E+02	5.491450E+02	7.857785E+02	9.980115E+02	1.463911E+03	1.566635E+03
58	2.665888E+02	5.542954E+02	7.810537E+02	1.012263E+03	1.461532E+03	1.562065E+03
59	2.751897E+02	5.592606E+02	7.762047E+02	1.026371E+03	1.459217E+03	1.557309E+03
60	2.838481E+02	5.640414E+02	7.712325E+02	1.040341E+03	1.456968E+03	1.552359E+03
61	2.925559E+02	5.686382E+02	7.661388E+02	1.054167E+03	1.454787E+03	1.547227E+03
62	3.013041E+02	5.730518E+02	7.609263E+02	1.067832E+03	1.452676E+03	1.541940E+03
63	3.100834E+02	5.772829E+02	7.555981E+02	1.081323E+03	1.450635E+03	1.536519E+03
64	3.188840E+02	5.813322E+02	7.501581E+02	1.094637E+03	1.448667E+03	1.530967E+03
65	3.276953E+02	5.852007E+02	7.446109E+02	1.107783E+03	1.446772E+03	1.525266E+03
66	3.365059E+02	5.888890E+02	7.389622E+02	1.120773E+03	1.444954E+03	1.519391E+03
67	3.453034E+02	5.923980E+02	7.332189E+02	1.133619E+03	1.443214E+03	1.513326E+03
68	3.540738E+02	5.957285E+02	7.273898E+02	1.146320E+03	1.441552E+03	1.507071E+03
69	3.628016E+02	5.988816E+02	7.214850E+02	1.158862E+03	1.439970E+03	1.500648E+03
70	3.714694E+02	6.018580E+02	7.155172E+02	1.171229E+03	1.438468E+03	1.494079E+03
71	3.800578E+02	6.046586E+02	7.095010E+02	1.183412E+03	1.437047E+03	1.487377E+03
72	3.885449E+02	6.072845E+02	7.034537E+02	1.195413E+03	1.435708E+03	1.480534E+03
73	3.969060E+02	6.097362E+02	6.973959E+02	1.207246E+03	1.434452E+03	1.473530E+03
74	4.051123E+02	6.120148E+02	6.913521E+02	1.218925E+03	1.433280E+03	1.466344E+03
75	4.131307E+02	6.141209E+02	6.853519E+02	1.230453E+03	1.432193E+03	1.458971E+03
76	4.209220E+02	6.160554E+02	6.794307E+02	1.241822E+03	1.431191E+03	1.451424E+03
77	4.284406E+02	6.178190E+02	6.736309E+02	1.253014E+03	1.430275E+03	1.443725E+03
78	4.356332E+02	6.194125E+02	6.680028E+02	1.264011E+03	1.429444E+03	1.435895E+03
79	4.424374E+02	6.208364E+02	6.626060E+02	1.274805E+03	1.427939E+03	1.428700E+03
80	4.487808E+02	6.220914E+02	6.575103E+02	1.285400E+03	1.419851E+03	1.428042E+03
81	4.545807E+02	6.231779E+02	6.527964E+02	1.295802E+03	1.411620E+03	1.427472E+03
82	4.597440E+02	6.240965E+02	6.485554E+02	1.306003E+03	1.403254E+03	1.426989E+03
83	4.641698E+02	6.248474E+02	6.448863E+02	1.315962E+03	1.394795E+03	1.426593E+03
84	4.677547E+02	6.254311E+02	6.418913E+02	1.325579E+03	1.386344E+03	1.426285E+03
85	4.704005E+02	6.258478E+02	6.396676E+02	1.334612E+03	1.378145E+03	1.426066E+03
86	4.720250E+02	6.260977E+02	6.382967E+02	1.342308E+03	1.370951E+03	1.425933E+03
87	4.725730E+02	6.261810E+02	6.378333E+02	1.345954E+03	1.367473E+03	1.425889E+03
88	4.725680E+02	6.265279E+02	6.377984E+02	1.345848E+03	1.367398E+03	1.425871E+03
89	4.725534E+02	6.275661E+02	6.376939E+02	1.345528E+03	1.367177E+03	1.425814E+03
90	4.725299E+02	6.292899E+02	6.375202E+02	1.344996E+03	1.366815E+03	1.425719E+03
91	4.724983E+02	6.316911E+02	6.372770E+02	1.344254E+03	1.366311E+03	1.425584E+03
92	4.724596E+02	6.347585E+02	6.369640E+02	1.343302E+03	1.365663E+03	1.425406E+03
93	4.724150E+02	6.365808E+02	6.384762E+02	1.342143E+03	1.364875E+03	1.425181E+03
94	4.723666E+02	6.361274E+02	6.428247E+02	1.340781E+03	1.363951E+03	1.424908E+03
95	4.723163E+02	6.356036E+02	6.477835E+02	1.339217E+03	1.362897E+03	1.424583E+03
96	4.722663E+02	6.350091E+02	6.533308E+02	1.337456E+03	1.361712E+03	1.424201E+03
97	4.722193E+02	6.343433E+02	6.594419E+02	1.335502E+03	1.360400E+03	1.423757E+03
98	4.721786E+02	6.336058E+02	6.660889E+02	1.333359E+03	1.358967E+03	1.423248E+03
99	4.721476E+02	6.327963E+02	6.732432E+02	1.331033E+03	1.357418E+03	1.422669E+03
100	4.721297E+02	6.319143E+02	6.808766E+02	1.328529E+03	1.355755E+03	1.422017E+03
101	4.721286E+02	6.309589E+02	6.889600E+02	1.325853E+03	1.353980E+03	1.421284E+03
102	4.721490E+02	6.299294E+02	6.974624E+02	1.323011E+03	1.352100E+03	1.420466E+03
103	4.721962E+02	6.288251E+02	7.063521E+02	1.320009E+03	1.350119E+03	1.419562E+03
104	4.722750E+02	6.276453E+02	7.155994E+02	1.316855E+03	1.348042E+03	1.418567E+03
105	4.723900E+02	6.263890E+02	7.251747E+02	1.313557E+03	1.345867E+03	1.417471E+03
106	4.725464E+02	6.250551E+02	7.350474E+02	1.310122E+03	1.343599E+03	1.416270E+03
107	4.727508E+02	6.236425E+02	7.451861E+02	1.306558E+03	1.341242E+03	1.414962E+03
108	4.730098E+02	6.221503E+02	7.555606E+02	1.302875E+03	1.338799E+03	1.413545E+03
109	4.733300E+02	6.205770E+02	7.661420E+02	1.299082E+03	1.336271E+03	1.412010E+03
110	4.737174E+02	6.189210E+02	7.769012E+02	1.295190E+03	1.333660E+03	1.410351E+03
111	4.741788E+02	6.171809E+02	7.878084E+02	1.291208E+03	1.330971E+03	1.408569E+03
112	4.747219E+02	6.153551E+02	7.988342E+02	1.287149E+03	1.328207E+03	1.406665E+03
113	4.753544E+02	6.134420E+02	8.099501E+02	1.283025E+03	1.325370E+03	1.404629E+03
114	4.760838E+02	6.114396E+02	8.211273E+02	1.278851E+03	1.322460E+03	1.402452E+03
115	4.769177E+02	6.093460E+02	8.323357E+02	1.274640E+03	1.319477E+03	1.400135E+03
116	4.778646E+02	6.071595E+02	8.435446E+02	1.270409E+03	1.316426E+03	1.397684E+03
117	4.789327E+02	6.048781E+02	8.547234E+02	1.266176E+03	1.313306E+03	1.395090E+03
118	4.801294E+02	6.024991E+02	8.658401E+02	1.261962E+03	1.310118E+03	1.392338E+03
119	4.814617E+02	6.000193E+02	8.768604E+02	1.257789E+03	1.306865E+03	1.389423E+03
120	4.829375E+02	5.974361E+02	8.877476E+02	1.253683E+03	1.303548E+03	1.386363E+03
121	4.845653E+02	5.947479E+02	8.984633E+02	1.249671E+03	1.300167E+03	1.383158E+03
122	4.863539E+02	5.919536E+02	9.089659E+02	1.245787E+03	1.296719E+03	1.379770E+03
123	4.883105E+02	5.890510E+02	9.192094E+02	1.242066E+03	1.293203E+03	1.376172E+03
124	4.904408E+02	5.860372E+02	9.291432E+02	1.238549E+03	1.289622E+03	1.372392E+03
125	4.927503E+02	5.829088E+02	9.387131E+02	1.235284E+03	1.285978E+03	1.368482E+03
126	4.952436E+02	5.796623E+02	9.478607E+02	1.232324E+03	1.282268E+03	1.364430E+03
127	4.979246E+02	5.762941E+02	9.565217E+02	1.229730E+03	1.278492E+03	1.360156E+03
128	5.007969E+02	5.728014E+02	9.646254E+02	1.227562E+03	1.274652E+03	1.355632E+03
129	5.038646E+02	5.691824E+02	9.720977E+02	1.225886E+03	1.270751E+03	1.350943E+03
130	5.071315E+02	5.654364E+02	9.788652E+02	1.224768E+03	1.266787E+03	1.346163E+03
131	5.105999E+02	5.615628E+02	9.848570E+02	1.224278E+03	1.262748E+03	1.341174E+03
132	5.142697E+02	5.575601E+02	9.900080E+02	1.224476E+03	1.258623E+03	1.335736E+03
133	5.181389E+02	5.534260E+02	9.942619E+02	1.225418E+03	1.254412E+03	1.329840E+03
134	5.222057E+02	5.491591E+02	9.975773E+02	1.227140E+03	1.250122E+03	1.324001E+03
135	5.264677E+02	5.447592E+02	9.999329E+02	1.229655E+03	1.245772E+03	1.319108E+03
136	5.309216E+02	5.402265E+02	1.001329E+03	1.232950E+03	1.241388E+03	1.315961E+03
137	5.355616E+02	5.355616E+02	1.001787E+03	1.236991E+03	1.236991E+03	1.314928E+03
138	5.307645E+02	5.403819E+02	1.001345E+03	1.232577E+03	1.241745E+03	1.315936E+03
139	5.258361E+02	5.453765E+02	1.000055E+03	1.228129E+03	1.247169E+03	1.318855E+03
140	5.207782E+02	5.505367E+02	9.979792E+02	1.223643E+03	1.253191E+03	1.323127E+03
141	5.155920E+02	5.558535E+02	9.951857E+02	1.219098E+03	1.259742E+03	1.328099E+03
142	5.102790E+02	5.613174E+02	9.917423E+02	1.214476E+03	1.266755E+03	1.333206E+03
143	5.048412E+02	5.669190E+02	9.877141E+02	1.209760E+03	1.274160E+03	1.338082E+03
144	4.992812E+02	5.726482E+02	9.831614E+02	1.204945E+03	1.281892E+03	1.342581E+03
145	4.936022E+02	5.784947E+02	9.781383E+02	1.200029E+03	1.289890E+03	1.346715E+03
146	4.878077E+02	5.844477E+02	9.726936E+02	1.195011E+03	1.298102E+03	1.350565E+03
147	4.819010E+02	5.904958E+02	9.668708E+02	1.189891E+03	1.306479E+03	1.354207E+03
148	4.758854E+02	5.966274E+02	9.607088E+02	1.184665E+03	1.314984E+03	1.357688E+03
149	4.697644E+02	6.028309E+02	9.542417E+02	1.179325E+03	1.323582E+03	1.361021E+03
150	4.635414E+02	6.090952E+02	9.474989E+02	1.173866E+03	1.332244E+03	1.364211E+03
151	4.572202E+02	6.154092E+02	9.405053E+02	1.168283E+03	1.340941E+03	1.367264E+03
152	4.508044E+02	6.217625E+02	9.332820E+02	1.162572E+03	1.349650E+03	1.370197E+03
153	4.442979E+02	6.281449E+02	9.258474E+02	1.156729E+03	1.358348E+03	1.373029E+03
154	4.377044E+02	6.345466E+02	9.182182E+02	1.150750E+03	1.367016E+03	1.375776E+03
155	4.310275E+02	6.409579E+02	9.104088E+02	1.144629E+03	1.375639E+03	1.378447E+03
156	4.242709E+02	6.473695E+02	9.024322E+02	1.138359E+03	1.381053E+03	1.384204E+03
157	4.174387E+02	6.537723E+02	8.942989E+02	1.131935E+03	1.383603E+03	1.392699E+03
158	4.105354E+02	6.601576E+02	8.860180E+02	1.125353E+03	1.386109E+03	1.401111E+03
159	4.035657E+02	6.665170E+02	8.775973E+02	1.118609E+03	1.388584E+03	1.409431E+03
160	3.965339E+02	6.728425E+02	8.690440E+02	1.111699E+03	1.391038E+03	1.417648E+03
161	3.894440E+02	6.791267E+02	8.603652E+02	1.104618E+03	1.393475E+03	1.425756E+03
162	3.822998E+02	6.853626E+02	8.515674E+02	1.097360E+03	1.395903E+03	1.433750E+03
163	3.751046E+02	6.915439E+02	8.426560E+02	1.089921E+03	1.398326E+03	1.441624E+03
164	3.678620E+02	6.976646E+02	8.336353E+02	1.082297E+03	1.400753E+03	1.449372E+03
165	3.605760E+02	7.037192E+02	8.245089E+02	1.074487E+03	1.403193E+03	1.456988E+03
166	3.532505E+02	7.097024E+02	8.152800E+02	1.066488E+03	1.405653E+03	1.464466E+03
167	3.458898E+02	7.156094E+02	8.059522E+02	1.058296E+03	1.408136E+03	1.471802E+03
168	3.384976E+02	7.214358E+02	7.965291E+02	1.049907E+03	1.410646E+03	1.478994E+03
169	3.310779E+02	7.271774E+02	7.870140E+02	1.041316E+03	1.413185E+03	1.486037E+03
170	3.236344E+02	7.328306E+02	7.774096E+02	1.032522E+03	1.415756E+03	1.492930E+03
171	3.161710E+02	7.383917E+02	7.677177E+02	1.023522E+03	1.418365E+03	1.499670E+03
172	3.086922E+02	7.438577E+02	7.579399E+02	1.014315E+03	1.421017E+03	1.506254E+03
173	3.012025E+02	7.480782E+02	7.492256E+02	1.004901E+03	1.423713E+03	1.512678E+03
174	2.937065E+02	7.381346E+02	7.544931E+02	9.952755E+02	1.426456E+03	1.518943E+03
175	2.862086E+02	7.281117E+02	7.596580E+02	9.854365E+02	1.429245E+03	1.525046E+03
176	2.787128E+02	7.180114E+02	7.647183E+02	9.753816E+02	1.432080E+03	1.530988E+03
177	2.712236E+02	7.078349E+02	7.696725E+02	9.651104E+02	1.434963E+03	1.536764E+03
178	2.637452E+02	6.975832E+02	7.745190E+02	9.546234E+02	1.437895E+03	1.542374E+03
179	2.562824E+02	6.872572E+02	7.792564E+02	9.439210E+02	1.440878E+03	1.547813E+03
180	2.488400E+02	6.768584E+02	7.838839E+02	9.330021E+02	1.443910E+03	1.553082E+03
181	2.414228E+02	6.663887E+02	7.884006E+02	9.218649E+02	1.446989E+03	1.558182E+03
182	2.340355E+02	6.558499E+02	7.928062E+02	9.105077E+02	1.450114E+03	1.563112E+03
183	2.266828E+02	6.452432E+02	7.971005E+02	8.989302E+02	1.453283E+03	1.567873E+03
184	2.193695E+02	6.345692E+02	8.012833E+02	8.871337E+02	1.456496E+03	1.572463E+03
185	2.121012E+02	6.238284E+02	8.053547E+02	8.751199E+02	1.459750E+03	1.576878E+03
186	2.048836E+02	6.130217E+02	8.093148E+02	8.628898E+02	1.463046E+03	1.581118E+03
187	1.977224E+02	6.021505E+02	8.131641E+02	8.504430E+02	1.466379E+03	1.585185E+03
188	1.906234E+02	5.912168E+02	8.169032E+02	8.377787E+02	1.469745E+03	1.589079E+03
189	1.835917E+02	5.802218E+02	8.205331E+02	8.248966E+02	1.473141E+03	1.592801E+03
190	1.766322E+02	5.691663E+02	8.117983E+02	8.240548E+02	1.476565E+03	1.596353E+03
191	1.697498E+02	5.580505E+02	7.984862E+02	8.274694E+02	1.480013E+03	1.599730E+03
192	1.629497E+02	5.468749E+02	7.849628E+02	8.307779E+02	1.483484E+03	1.602931E+03
193	1.562371E+02	5.356405E+02	7.712290E+02	8.339816E+02	1.486973E+03	1.605957E+03
194	1.496176E+02	5.243490E+02	7.572849E+02	8.370819E+02	1.490475E+03	1.608810E+03
195	1.430961E+02	5.130021E+02	7.431305E+02	8.400805E+02	1.493986E+03	1.611492E+03
196	1.366774E+02	5.016010E+02	7.287672E+02	8.429790E+02	1.497500E+03	1.614006E+03
197	1.303656E+02	4.901460E+02	7.141977E+02	8.457792E+02	1.501015E+03	1.616350E+03
198	1.241651E+02	4.786374E+02	6.994257E+02	8.484828E+02	1.504526E+03	1.618520E+03
199	1.180805E+02	4.670756E+02	6.844538E+02	8.510914E+02	1.508030E+03	1.620516E+03
200	1.121163E+02	4.554620E+02	6.692834E+02	8.536067E+02	1.511522E+03	1.622341E+03
201	1.062768E+02	4.437981E+02	6.539149E+02	8.560308E+02	1.514995E+03	1.623998E+03
202	1.005661E+02	4.320853E+02	6.383497E+02	8.583653E+02	1.518444E+03	1.625492E+03
203	9.498730E+01	4.203243E+02	6.225908E+02	8.606124E+02	1.521864E+03	1.626822E+03
204	8.954336E+01	4.085151E+02	6.066422E+02	8.627736E+02	1.525251E+03	1.627986E+03
205	8.423700E+01	3.966584E+02	5.905082E+02	8.648507E+02	1.528602E+03	1.628981E+03
206	7.907104E+01	3.847554E+02	5.741914E+02	8.668454E+02	1.531912E+03	1.629808E+03
207	7.404829E+01	3.728079E+02	5.576932E+02	8.687593E+02	1.535173E+03	1.630473E+03
208	6.917129E+01	3.608176E+02	5.410149E+02	8.705945E+02	1.538381E+03	1.630981E+03
209	6.444229E+01	3.487854E+02	5.241592E+02	8.723525E+02	1.541529E+03	1.631336E+03
210	5.986332E+01	3.367113E+02	5.071310E+02	8.740352E+02	1.544614E+03	1.631538E+03
211	5.543657E+01	3.245956E+02	4.899357E+02	8.756437E+02	1.547632E+03	1.631580E+03
212	5.116441E+01	3.124391E+02	4.725781E+02	8.771794E+02	1.550579E+03	1.631463E+03
213	4.704903E+01	3.002439E+02	4.550615E+02	8.786433E+02	1.553449E+03	1.631190E+03
214	4.309157E+01	2.880120E+02	4.373878E+02	8.800371E+02	1.556236E+03	1.630771E+03
215	3.929168E+01	2.757443E+02	4.195601E+02	8.813625E+02	1.558935E+03	1.630215E+03
216	3.564796E+01	2.634401E+02	4.015832E+02	8.826213E+02	1.561542E+03	1.629522E+03
217	3.215984E+01	2.510984E+02	3.834636E+02	8.838149E+02	1.564055E+03	1.628687E+03
218	2.882991E+01	2.387193E+02	3.652077E+02	8.849442E+02	1.566471E+03	1.627705E+03
219	2.566548E+01	2.263058E+02	3.468196E+02	8.860097E+02	1.568786E+03	1.626579E+03
220	2.267758E+01	2.138630E+02	3.283017E+02	8.870119E+02	1.570991E+03	1.625323E+03
221	1.987709E+01	2.013960E+02	3.096561E+02	8.879515E+02	1.573081E+03	1.623954E+03
222	1.726901E+01	1.889076E+02	2.908879E+02	8.888297E+02	1.575052E+03	1.622480E+03
223	1.484783E+01	1.763975E+02	2.720059E+02	8.896480E+02	1.576909E+03	1.620889E+03
224	1.259731E+01	1.638637E+02	2.530211E+02	8.904074E+02	1.578657E+03	1.619161E+03
225	1.049608E+01	1.513051E+02	2.339435E+02	8.911089E+02	1.580303E+03	1.617284E+03
226	8.527917E+00	1.387238E+02	2.147792E+02	8.917524E+02	1.581839E+03	1.615274E+03
227	6.692549E+00	1.261240E+02	1.955312E+02	8.923379E+02	1.583249E+03	1.613177E+03
228	5.013263E+00	1.135102E+02	1.762018E+02	8.928654E+02	1.584509E+03	1.611035E+03
229	3.540401E+00	1.008845E+02	1.567970E+02	8.933352E+02	1.585603E+03	1.608849E+03
230	2.354542E+00	8.824695E+01	1.373279E+02	8.937481E+02	1.586529E+03	1.606557E+03
231	1.569227E+00	7.559849E+01	1.178085E+02	8.941048E+02	1.587307E+03	1.604048E+03
232	1.251198E+00	6.294496E+01	9.825049E+01	8.944061E+02	1.587969E+03	1.601241E+03
233	1.198845E+00	5.029861E+01	7.866011E+01	8.946522E+02	1.588543E+03	1.598176E+03
234	1.112448E+00	3.767499E+01	5.903794E+01	8.948435E+02	1.589035E+03	1.595079E+03
235	8.698028E-01	2.508581E+01	3.938334E+01	8.949800E+02	1.589428E+03	1.592350E+03
236	4.777701E-01	1.253178E+01	1.970022E+01	8.950618E+02	1.589687E+03	1.590456E+03
237	0.000000E+00	0.000000E+00	0.000000E+00	8.950890E+02	1.589775E+03	1.589778E+03
